0.0 0.0 0.2 0.4 0.6 0.8 1.0 1.2 1.4 1.6 1.8 2.0 2.2 2.4 2.6 2.8 3.0 3.2 3.4 3.6 3.8 4.0 4.2 4.4 4.6 4.8 5.0 5.2 5.4 5.6 5.8 6.0 6.2 6.4 6.6 6.8 7.0 7.2 7.4 7.6 7.8 8.0 8.2 8.4 8.6 8.8 9.0
 -300.0 119.480003 119.699997 119.830002 119.900002 119.949997 119.980003 119.989998 120.0 120.0 120.0 120.0 120.010002 120.010002 120.010002 120.010002 120.010002 120.010002 120.010002 120.010002 120.0 119.989998 119.949997 119.900002 119.800003 119.629997 119.360001 118.949997 118.389999 117.68 116.889999 116.089996 115.349998 114.730003 114.25 113.900002 113.650002 113.489998 113.379997 113.309998 113.260002 113.230003 113.209999 113.199997 113.199997 113.190002 113.190002
 -280.0 118.779999 119.279999 119.580002 119.760002 119.870003 119.93 119.959999 119.980003 119.989998 120.0 120.0 120.0 120.010002 120.010002 120.010002 120.010002 120.010002 120.010002 120.010002 120.010002 120.0 119.980003 119.949997 119.889999 119.790001 119.629997 119.379997 119.019997 118.580002 118.099998 117.610001 117.160004 116.790001 116.510002 116.309998 116.169998 116.080002 116.010002 115.980003 115.949997 115.93 115.919998 115.919998 115.910004 115.910004 115.910004
 -260.0 117.349998 118.360001 119.019997 119.419998 119.669998 119.809998 119.900002 119.949997 119.970001 119.989998 120.0 120.0 120.0 120.0 120.010002 120.010002 120.010002 120.010002 120.010002 120.0 120.0 120.0 119.980003 119.949997 119.900002 119.809998 119.660004 119.449997 119.199997 118.910004 118.620003 118.370003 118.160004 118.0 117.879997 117.809998 117.75 117.720001 117.699997 117.68 117.669998 117.669998 117.669998 117.660004 117.660004 117.660004
 -240.0 114.519997 116.489998 117.800003 118.660004 119.199997 119.540001 119.739998 119.860001 119.93 119.959999 119.989998 120.0 120.0 120.0 120.0 120.0 120.0 120.0 120.010002 120.0 120.010002 120.0 120.0 119.980003 119.959999 119.910004 119.839996 119.730003 119.580002 119.43 119.269997 119.129997 119.019997 118.93 118.870003 118.830002 118.800003 118.779999 118.769997 118.760002 118.760002 118.75 118.75 118.75 118.75 118.75
 -220.0 109.309998 112.910004 115.389999 117.07 118.18 118.900002 119.349998 119.629997 119.800003 119.900002 119.949997 119.980003 119.989998 120.0 120.0 120.0 120.0 120.0 120.0 120.0 120.0 120.0 120.0 120.0 119.989998 119.970001 119.93 119.879997 119.809998 119.730003 119.650002 119.580002 119.529999 119.480003 119.449997 119.43 119.419998 119.410004 119.400002 119.400002 119.389999 119.389999 119.389999 119.389999 119.389999 119.389999
 -200.0 100.339996 106.489998 110.900002 113.989998 116.120003 117.550003 118.489998 119.110001 119.489998 119.720001 119.849998 119.93 119.959999 119.989998 120.0 120.0 120.0 120.0 120.0 120.0 120.0 120.0 120.0 120.0 120.0 119.989998 119.980003 119.959999 119.93 119.889999 119.860001 119.830002 119.800003 119.779999 119.769997 119.75 119.75 119.739998 119.739998 119.739998 119.739998 119.739998 119.739998 119.739998 119.739998 119.739998
 -180.0 85.866997 95.662003 103.010002 108.379997 112.199997 114.889999 116.720001 117.959999 118.769997 119.290001 119.610001 119.790001 119.900002 119.949997 119.980003 119.989998 120.0 120.0 120.0 120.0 120.0 120.0 120.0 120.0 120.0 120.0 120.0 119.989998 119.980003 119.970001 119.949997 119.940002 119.93 119.919998 119.919998 119.910004 119.910004 119.910004 119.910004 119.910004 119.910004 119.910004 119.910004 119.910004 119.910004 119.910004
 -160.0 64.337997 78.625999 90.030998 98.758003 105.25 109.959999 113.309998 115.650002 117.260002 118.32 119.0 119.440002 119.690002 119.839996 119.93 119.970001 119.980003 119.989998 120.0 120.0 120.0 120.0 120.0 120.0 120.0 120.0 120.0 120.0 120.0 119.989998 119.989998 119.989998 119.980003 119.980003 119.980003 119.980003 119.980003 119.970001 119.970001 119.970001 119.970001 119.970001 119.970001 119.970001 119.970001 119.980003
 -140.0 35.59 54.111 70.158997 83.304001 93.600998 101.389999 107.150002 111.32 114.260002 116.32 117.699997 118.629997 119.199997 119.559998 119.769997 119.879997 119.949997 119.980003 119.989998 120.0 120.0 120.0 120.0 120.0 120.0 120.0 120.0 120.0 120.0 120.0 120.0 120.0 120.0 120.0 120.0 120.0 120.0 120.0 120.0 120.0 120.0 120.0 120.0 120.0 120.0 120.0
 -120.0 2.0524 22.681 42.555 60.358002 75.347 87.371002 96.669998 103.650002 108.790001 112.489998 115.089996 116.879997 118.080002 118.870003 119.349998 119.650002 119.82 119.919998 119.959999 119.980003 119.989998 120.0 120.0 120.0 120.0 120.0 120.0 120.0 120.0 120.0 120.0 120.0 120.0 120.0 120.0 120.0 120.0 120.0 120.0 120.0 120.0 120.0 120.0 120.0 120.0 120.0
 -100.0 -31.610001 -12.185 8.7734 29.719 49.147999 66.022003 79.918999 90.905998 99.316002 105.610001 110.190002 113.470001 115.769997 117.339996 118.370003 119.029999 119.459999 119.709999 119.839996 119.93 119.959999 119.989998 119.989998 120.0 120.0 120.0 120.0 120.0 120.0 120.0 120.0 120.0 120.0 120.0 120.0 120.0 120.0 120.0 120.0 120.0 120.0 120.0 120.0 120.0 120.0 120.0
 -80.0 -60.794998 -45.25 -26.669001 -5.8685 15.744 36.556 55.254002 71.103996 83.932999 93.958 101.589996 107.230003 111.330002 114.25 116.279999 117.660004 118.559998 119.150002 119.510002 119.739998 119.860001 119.93 119.970001 119.989998 119.989998 120.0 120.0 120.0 120.0 120.0 120.0 120.0 120.0 120.0 120.0 120.0 120.0 120.0 120.0 120.0 120.0 120.0 120.0 120.0 120.0 120.0
 -60.0 -83.192001 -72.330002 -58.290001 -40.959999 -20.837 0.91646 22.708 43.021999 60.799 75.577003 87.383003 96.521004 103.43 108.510002 112.190002 114.82 116.629997 117.860001 118.68 119.209999 119.540001 119.739998 119.860001 119.93 119.970001 119.980003 119.989998 120.0 120.0 120.0 120.0 120.0 120.0 120.0 120.0 120.0 120.0 120.0 120.0 120.0 120.0 120.0 120.0 120.0 120.0 120.0
 -40.0 -98.944 -92.044998 -82.708 -70.338997 -54.591999 -35.632999 -14.328 7.904 29.438 48.959999 65.678001 79.360001 90.189003 98.512001 104.779999 109.389999 112.739998 115.129997 116.790001 117.93 118.690002 119.190002 119.510002 119.709999 119.830002 119.900002 119.940002 119.970001 119.980003 119.989998 119.989998 119.989998 119.989998 120.0 120.0 120.0 120.0 120.0 119.989998 120.0 120.0 120.0 120.0 120.0 120.0 120.0
 -20.0 -109.459999 -105.32 -99.608002 -91.738998 -81.073997 -67.108002 -49.728001 -29.437 -7.4079 14.809 35.691002 54.164001 69.714996 82.317001 92.220001 99.834 105.57 109.82 112.919998 115.150002 116.709999 117.809998 118.550003 119.050003 119.379997 119.589996 119.720001 119.809998 119.860001 119.889999 119.910004 119.93 119.940002 119.940002 119.940002 119.949997 119.949997 119.949997 119.949997 119.949997 119.949997 119.949997 119.949997 119.949997 119.949997 119.949997
 0.0 -116.330002 -113.889999 -110.540001 -105.879997 -99.337997 -90.300003 -78.170998 -62.615002 -43.805 -22.594 -0.36559 21.319 41.169998 58.384998 72.710999 84.258003 93.336998 100.339996 105.639999 109.620003 112.550003 114.68 116.209999 117.300003 118.07 118.589996 118.949997 119.190002 119.349998 119.459999 119.529999 119.57 119.599998 119.620003 119.629997 119.639999 119.639999 119.650002 119.650002 119.650002 119.650002 119.650002 119.650002 119.650002 119.650002 119.650002
 20.0 -120.800003 -119.349998 -117.410004 -114.730003 -110.940002 -105.550003 -97.970001 -87.579002 -73.906998 -56.862999 -36.973999 -15.381 6.4336 27.070999 45.522999 61.308998 74.362999 84.880997 93.185997 99.638 104.580002 108.339996 111.150002 113.230003 114.75 115.849998 116.639999 117.190002 117.559998 117.82 117.989998 118.099998 118.169998 118.220001 118.25 118.269997 118.279999 118.290001 118.290001 118.290001 118.300003 118.300003 118.300003 118.300003 118.300003 118.300003
 40.0 -123.739998 -122.870003 -121.730003 -120.18 -118.019997 -114.93 -110.480003 -104.139999 -95.285004 -83.385002 -68.165001 -49.897999 -29.454 -8.1684 12.564 31.631001 48.367001 62.533001 74.206001 83.625 91.095001 96.943001 101.459999 104.900002 107.489998 109.410004 110.800003 111.779999 112.459999 112.919998 113.230003 113.43 113.559998 113.639999 113.699997 113.730003 113.75 113.769997 113.769997 113.779999 113.779999 113.790001 113.790001 113.790001 113.790001 113.790001
 60.0 -125.739998 -125.18 -124.489998 -123.580002 -122.339996 -120.57 -118.019997 -114.309998 -108.949997 -101.370003 -90.998001 -77.475998 -60.887001 -41.888 -21.627001 -1.4352 17.542999 34.541 49.189999 61.450001 71.472 79.508003 85.833 90.724998 94.431 97.176003 99.156998 100.550003 101.5 102.139999 102.559998 102.839996 103.010002 103.120003 103.190002 103.239998 103.269997 103.290001 103.300003 103.300003 103.309998 103.309998 103.309998 103.309998 103.32 103.32
 80.0 -127.139999 -126.760002 -126.32 -125.769997 -125.029999 -124.0 -122.519997 -120.370003 -117.209999 -112.589996 -105.989998 -96.842003 -84.754997 -69.703003 -52.191002 -33.219002 -14.018 4.2855 20.868 35.292999 47.424999 57.348999 65.255997 71.398003 76.041 79.452003 81.883003 83.568001 84.706001 85.459 85.950996 86.267998 86.471001 86.599998 86.681999 86.734001 86.766998 86.788002 86.800003 86.808998 86.814003 86.817001 86.82 86.820999 86.820999 86.821999
 100.0 -128.169998 -127.889999 -127.589996 -127.239998 -126.779999 -126.160004 -125.290001 -124.010002 -122.129997 -119.349998 -115.25 -109.339996 -101.099998 -90.117996 -76.330002 -60.154999 -42.487 -24.476 -7.2115 8.4766 22.114 33.521999 42.740002 49.945 55.391998 59.375 62.194 64.132004 65.431999 66.287003 66.842003 67.198997 67.427002 67.571999 67.664001 67.722 67.759003 67.781998 67.796997 67.806 67.811996 67.815002 67.818001 67.82 67.82 67.820999
 120.0 -128.970001 -128.75 -128.529999 -128.279999 -127.980003 -127.589996 -127.050003 -126.269997 -125.129997 -123.419998 -120.870003 -117.099998 -111.629997 -103.980003 -93.757004 -80.902 -65.796997 -49.283001 -32.450001 -16.348 -1.7805 10.776 21.139999 29.356001 35.619999 40.220001 43.481998 45.723999 47.228001 48.216999 48.859001 49.271 49.534 49.701 49.807999 49.875 49.917 49.944 49.960999 49.971001 49.978001 49.983002 49.985001 49.987 49.987999 49.988998
 140.0 -129.630005 -129.440002 -129.25 -129.070007 -128.860001 -128.600006 -128.25 -127.760002 -127.029999 -125.959999 -124.330002 -121.900002 -118.279999 -113.029999 -105.68 -95.903999 -83.640999 -69.300003 -53.708 -37.917999 -22.933001 -9.5146 1.8967 11.152 18.334 23.677999 27.504999 30.157 31.944 33.124001 33.890999 34.384998 34.700001 34.901001 35.028999 35.109001 35.16 35.192001 35.213001 35.226002 35.234001 35.238998 35.242001 35.243999 35.245998 35.245998
 160.0 -130.190002 -130.009995 -129.850006 -129.699997 -129.539993 -129.350006 -129.119995 -128.789993 -128.320007 -127.610001 -126.550003 -124.940002 -122.510002 -118.889999 -113.669998 -106.389999 -96.758003 -84.786003 -70.921997 -56.014999 -41.091 -27.107 -14.762 -4.437 3.7798 10.024 14.572 17.764999 19.938999 21.385 22.33 22.940001 23.330999 23.58 23.738001 23.837999 23.902 23.941999 23.966999 23.983 23.993 23.999001 24.003 24.006001 24.007 24.007999
 180.0 -130.679993 -130.5 -130.350006 -130.220001 -130.089996 -129.949997 -129.779999 -129.559998 -129.229996 -128.759995 -128.039993 -126.940002 -125.279999 -122.760002 -119.019997 -113.639999 -106.220001 -96.487999 -84.553001 -70.934998 -56.512001 -42.303001 -29.204 -17.836 -8.4986 -1.211 4.2194 8.1023 10.785 12.588 13.775 14.546 15.041 15.358 15.559 15.686 15.767 15.818 15.85 15.871 15.884 15.892 15.897 15.9 15.902 15.903
 200.0 -131.130005 -130.940002 -130.800003 -130.669998 -130.559998 -130.449997 -130.320007 -130.160004 -129.929993 -129.600006 -129.100006 -128.330002 -127.160004 -125.370003 -122.669998 -118.690002 -113.010002 -105.239998 -95.213997 -83.125 -69.583 -55.518002 -41.923 -29.625999 -19.157 -10.724 -4.267 0.45675 3.7806 6.0459 7.5532 8.5387 9.1751 9.5828 9.8424 10.007 10.112 10.178 10.22 10.246 10.263 10.273 10.28 10.284 10.287 10.288
 220.0 -131.539993 -131.350006 -131.199997 -131.080002 -130.979996 -130.889999 -130.789993 -130.660004 -130.490005 -130.25 -129.889999 -129.339996 -128.5 -127.199997 -125.230003 -122.260002 -117.910004 -111.769997 -103.5 -93.014 -80.638 -67.082001 -53.314999 -40.296001 -28.768999 -19.156 -11.568 -5.8692 -1.7708 1.071 2.9861 4.2495 5.0705 5.5985 5.9359 6.1504 6.2865 6.3727 6.4271 6.4615 6.4832 6.4969 6.5056 6.5111 6.5145 6.5167
 240.0 -131.929993 -131.720001 -131.570007 -131.460007 -131.360001 -131.270004 -131.190002 -131.089996 -130.960007 -130.779999 -130.520004 -130.119995 -129.5 -128.539993 -127.07 -124.830002 -121.489998 -116.650002 -109.910004 -100.989998 -89.934998 -77.198997 -63.606998 -50.146999 -37.727001 -26.981001 -18.216 -11.44 -6.4466 -2.9144 -0.49777 1.1145 2.1703 2.853 3.2907 3.5697 3.7469 3.8591 3.9301 3.975 4.0034 4.0212 4.0326 4.0397 4.0442 4.047
 260.0 -132.289993 -132.070007 -131.919998 -131.800003 -131.699997 -131.630005 -131.550003 -131.470001 -131.369995 -131.240005 -131.039993 -130.729996 -130.270004 -129.550003 -128.440002 -126.730003 -124.150002 -120.330002 -114.860001 -107.360001 -97.681999 -85.989998 -72.894997 -59.313 -46.234001 -34.478001 -24.558001 -16.653 -10.672 -6.3464 -3.3347 -1.2991 0.046546 0.92228 1.4861 1.8465 2.0758 2.2212 2.3133 2.3715 2.4083 2.4315 2.4462 2.4554 2.4613 2.465
 280.0 -132.630005 -132.410004 -132.240005 -132.119995 -132.029999 -131.949997 -131.880005 -131.809998 -131.729996 -131.630005 -131.470001 -131.240005 -130.889999 -130.339996 -129.479996 -128.160004 -126.139999 -123.110001 -118.68 -112.440002 -104.07 -93.540001 -81.195 -67.802002 -54.345001 -41.77 -30.781 -21.749001 -14.725 -9.5245 -5.8337 -3.3018 -1.6097 -0.50023 0.21777 0.67828 0.97192 1.1585 1.2767 1.3514 1.3987 1.4285 1.4474 1.4593 1.4668 1.4715
 300.0 -132.970001 -132.720001 -132.550003 -132.419998 -132.330002 -132.25 -132.190002 -132.130005 -132.059998 -131.979996 -131.850006 -131.669998 -131.399994 -130.970001 -130.300003 -129.259995 -127.669998 -125.239998 -121.639999 -116.449997 -109.290001 -99.929001 -88.508003 -75.571999 -62.015999 -48.852001 -36.941002 -26.837999 -18.76 -12.634 -8.1959 -5.1023 -3.0097 -1.6257 -0.72468 -0.14446 0.22646 0.46247 0.61218 0.70697 0.7669 0.80476 0.82868 0.84377 0.8533 0.85932